[-62 20 1 0 20 20 0 0 1 0 0 0 0 0 0 0]
[20 -102 20 1 20 20 20 0 0 1 0 0 0 0 0 0]
[1 20 -102 20 0 20 20 20 0 0 1 0 0 0 0 0]
[0 1 20 -62 0 0 20 20 0 0 0 1 0 0 0 0]
[20 20 0 0 -102 20 1 0 20 20 0 0 1 0 0 0]
[20 20 20 0 20 -162 20 1 20 20 20 0 0 1 0 0]
[0 20 20 20 1 20 -162 20 0 20 20 20 0 0 1 0]
[0 0 20 20 0 1 20 -102 0 0 20 20 0 0 0 1]
[1 0 0 0 20 20 0 0 -102 20 1 0 20 20 0 0]
[0 1 0 0 20 20 20 0 20 -162 20 1 20 20 20 0]
[0 0 1 0 0 20 20 20 1 20 -162 20 0 20 20 20]
[0 0 0 1 0 0 20 20 0 1 20 -102 0 0 20 20]
[0 0 0 0 1 0 0 0 20 20 0 0 -62 20 1 0]
[0 0 0 0 0 1 0 0 20 20 20 0 20 -102 20 1]
[0 0 0 0 0 0 1 0 0 20 20 20 1 20 -102 20]
[0 0 0 0 0 0 0 1 0 0 20 20 0 1 20 -62]
